Title is a neighbor element: 4 18 348 479 557 558
    Medium: 72 97 115 185 262 435
    Tumblr: 125 128 253 317 340 342 400 450 464 472 473 475 485 522
Title is a child element: 20 102 120 165 187 188 197 281 287 309 327 352 381 384 399 403 449 460 492 523 581 635
Needs point get: 130 340
Not much I can do: 43 182 334

Not ideal but ok: 411 629 8 194 213 241 258 430 491 500 507 545 125 128

Better than before: 9 12 30 38 123 179 183 203 217 413 494 496 500 609 646
Mock responses obsolete: 51 80 175 177
Fixed inner_text: 85
Result itself bad: 294
Removed double spaces: 8 10 13 14 15 35 36 41 50 58 69 73 93 118 121 221 240 264 267 305 363 365 407 562 585 617 638 661