34
1852
2164
255
114
739
337
280
3933
2483
2382
486
1573
1788
1032
205
374
1088
2284
138
496
260
475
796
1114
107
892
284
19
49
485
226
283
134
339
46
2
269
52
4200
259
365
264
516
267
2914
730
1401
2737
338
290
350
254
744
1727
190
2206
508
340
893
492
102
363
96
2126
498
359
2092
402
275
376
94
621
257
1160
265
482
391
344
293
467
398
279
272
209
2097
222
256
274
346
399
357
484
2560
409
888
364
334
400
276
375
473
1347
1009
617
1627
487
1900
483
262
520
468
109
517
506
503
474
476
495
505
515
831
407
895
614
3261
2325
590
53
2661
615
2054
4006
609
2721
1351
807
623
618
638
817
605
607
4029
593
726
600
1653
611
610
502
838
755
2398
1609
501
2261
891
3051
1159
588
586
1879
827
1897
601
759
757
2215
756
745
894
791
28
729
1208
3054
1179
1064
3526
786
837
797
633
362
918
839
856
887
1337
832
835
903
889
900
373
2140
1227
335
3730
1146
883
890
1898
632
1145
393
957
951
885
1075
1003
208
1030
1978
2145
1152
1438
1226
1173
1081
1016
1065
2933
1150
2675
1157
749
1255
1078
735
2191
1289
1230
1225
1220
1375
3386
1209
2831
1153
1441
1217
1284
3150
1297
1403
1219
1637
1042
2699
1384
2765
1340
2429
1286
1285
1389
1376
1338
2615
1282
829
1335
2709
1378
4314
1374
1491
1884
770
1519
958
1651
751
2670
2117
3466
2114
2602
1525
2267
1984
1524
2101
1502
1601
4161
2116
802
1610
1488
1722
1630
1726
598
2045
4038
2583
2108
1822
1072
1397
1979
1887
1711
1980
1882
3247
1878
2270
1894
1983
1986
1804
2586
370
1421
1646
3046
1885
1981
1987
2263
2094
2707
2257
1926
1996
2599
2941
2308
3329
291
2002
2088
2104
2049
2182
2227
2624
1729
2122
2123
902
2218
2121
2930
3034
2704
2143
1847
1903
2592
1348
2134
2243
2149
1839
2262
2936
2337
3774
793
2370
3265
512
2339
2365
2961
2186
2380
2376
4056
2372
3535
2945
2426
2236
2663
2778
2784
2346
2420
2452
1079
4579
2714
2608
2497
2975
3066
3686
3317
2695
2228
2585
2386
2623
2915
2676
2692
2703
2596
2702
2589
2693
2732
2148
2749
2867
1638
2824
2731
2797
2288
855
3192
2668
2796
2884
3525
3459
1334
3052
3031
3626
4294
3000
2315
2750
2988
3337
4066
2987
3692
3155
3272
3147
3269
3351
3450
3427
3357
3461
2358
3293
3445
3371
4059
3783
180
2841
3474
3695
3765
1087
3556
4420
2891
1011
4388
3601
4423
4096
3394
1071
3895
4092
3395
4061
3851
2788
4075
2017
4256
1215
4154
3575
4089
4058
4037
3941
4350
4035
3666
4142
4032
3845
4280
4157
4188
2864
2907
4172
1342
4365
2698
4392
4264
4287
3841
4389
4368
4385
4411